E 2
E 3
E 6
E 6
E 6
S 12
P 40
E 1 6 P 40
E 1 6
E 1
A E 1 P 37
E 2 S 12 14
E 2 S 12 P 34
A S 10 11 12 14
B C E 2 4
B E 2 S 12
P 37
B E 2 P 37
P 37
S 14 P 37
A E 2 P 37
E 1
Itinéraire et horaires valables
à compter du 20 décembre 2025
1/7
ESPACE T2C
35 rue Montlosier
63000 Clermont-Ferrand
ALLO T2C
04 73 28 70 00
(renseignements
horaires, itinéraires,
tarifs et objets trouvés ...)
Retrouvez les horaires en temps réel en
téléchargeant gratuitement l’appli T2C sur :
APPLI GRATUITE
INFORMATIONS PRATIQUES
GERZAT
Champfleuri
AUBIÈRE
Pl. des Ramacles
E 1
Ligne accessible excepté les arrêts :
Collège Joliot Curie, Elie Jaloustre,
GERZAT Champfleuri, Martyrs
04.57 05.01 05.08 05.16 05.24 05.27 05.29 05.33 05.35 05.39 05.48
05.53 06.01 06.04 06.06 06.10 06.12 06.16 06.25
05.58 06.02 06.09 06.17 06.25 06.28 06.30 06.34 06.37 06.41 06.50
06.12 06.16 06.24 06.32 06.40 06.43 06.45 06.49 06.52 06.56 07.05
06.43 06.51 06.54 06.56 07.00 07.03 07.07 07.17
06.29 06.34 06.42 06.50 06.59 07.03 07.05 07.09 07.12 07.17 07.29
06.36 06.41 06.49 06.57 07.06 07.10 07.13 07.17 07.20 07.25 07.37
d 07.05 07.16 07.20 07.23 07.28 07.31 07.36 07.51
b 07.00 - - - - - 07.30
06.50 06.55 07.05 07.13 07.26 07.30 07.34 07.39 07.42 07.48 08.02
06.56 07.01 07.11 07.20 07.35 07.39 07.43 07.49 07.52 07.58 08.12
07.06 07.11 07.21 07.30 07.45 07.49 07.53 07.59 08.02 08.08 08.21
07.15 07.21 07.31 07.41 07.57 08.01 08.05 08.10 08.13 08.19 08.32
07.26 07.32 07.42 07.52 08.09 08.13 08.17 08.22 08.25 08.31 08.43
07.39 07.45 07.56 08.06 08.22 08.26 08.30 08.35 08.38 08.43 08.54
p 08.10 - - - - - 08.40
07.51 07.57 08.08 08.18 08.32 08.36 08.40 08.45 08.48 08.53 09.04
08.03 08.09 08.20 08.30 08.42 08.46 08.50 08.55 08.58 09.03 09.14
08.19 08.25 08.35 08.45 08.55 08.59 09.02 09.07 09.10 09.14 09.25
08.34 08.40 08.50 08.59 09.08 09.12 09.15 09.19 09.22 09.26 09.37
08.48 08.54 09.03 09.11 09.20 09.24 09.27 09.31 09.34 09.38 09.49
09.01 09.07 09.16 09.24 09.33 09.37 09.40 09.44 09.47 09.51 10.03
09.43 09.52 09.56 09.59 10.03 10.06 10.10 10.22
09.40 09.45 09.53 10.01 10.09 10.13 10.16 10.20 10.23 10.27 10.39
09.53 09.58 10.06 10.14 10.22 10.26 10.29 10.33 10.36 10.40 10.52
10.28 10.36 10.40 10.43 10.47 10.50 10.54 11.06
10.20 10.25 10.33 10.41 10.49 10.53 10.56 11.00 11.03 11.07 11.19
10.34 10.39 10.47 10.55 11.03 11.07 11.10 11.14 11.17 11.22 11.33
11.05 11.13 11.17 11.20 11.24 11.27 11.32 11.44
10.58 11.03 11.11 11.19 11.27 11.31 11.34 11.38 11.41 11.46 11.59
11.12 11.17 11.25 11.33 11.41 11.45 11.48 11.52 11.55 12.01 12.14
11.43 11.52 11.56 12.00 12.05 12.08 12.14 12.27
11.52 12.03 12.07 12.11 12.17 12.20 12.26 12.39
11.43 11.48 11.56 12.04 12.17 12.21 12.24 12.29 12.32 12.37 12.48
11.53 11.58 12.06 12.15 12.29 12.33 12.36 12.41 12.44 12.49 13.00
12.05 12.10 12.19 12.28 12.42 12.46 12.49 12.53 12.56 13.01 13.12
12.20 12.25 12.34 12.43 12.55 12.59 13.02 13.06 13.09 13.14 13.25
12.34 12.39 12.48 12.56 13.07 13.11 13.14 13.19 13.22 13.27 13.39
13.09 13.20 13.24 13.27 13.32 13.35 13.40 13.52
13.01 13.06 13.15 13.23 13.35 13.39 13.42 13.47 13.50 13.55 14.07
13.15 13.20 13.28 13.36 13.51 13.55 13.59 14.04 14.07 14.11 14.23
13.29 13.34 13.44 13.53 14.08 14.12 14.16 14.21 14.24 14.28 14.40
14.11 14.25 14.29 14.32 14.37 14.40 14.44 14.56
14.04 14.09 14.19 14.28 14.40 14.44 14.47 14.52 14.55 14.59 15.11
14.20 14.25 14.33 14.41 14.50 14.54 14.57 15.02 15.05 15.10 15.22
14.55 15.04 15.08 15.11 15.16 15.19 15.24 15.36
14.45 14.50 14.58 15.06 15.15 15.19 15.22 15.26 15.29 15.34 15.46
14.55 15.00 15.08 15.16 15.25 15.29 15.32 15.36 15.39 15.44 15.56
15.25 15.34 15.38 15.41 15.45 15.48 15.53 16.05
15.14 15.19 15.27 15.35 15.44 15.48 15.51 15.55 15.58 16.03 16.15
15.45 15.54 15.58 16.01 16.06 16.09 16.15 16.28
15.32 15.37 15.46 15.54 16.04 16.08 16.12 16.17 16.20 16.26 16.39
16.03 16.15 16.19 16.23 16.28 16.31 16.37 16.51
15.51 15.56 16.05 16.13 16.26 16.30 16.34 16.39 16.42 16.48 17.03
16.22 16.36 16.40 16.44 16.50 16.53 16.59 17.14
16.08 16.13 16.22 16.31 16.45 16.49 16.53 16.59 17.02 17.08 17.24
E 1
b - Service Express avec terminus Ballainvilliers, dessert uniquement les arrêts
Martyrs (07.02), Chabesses (07.04) et Esplanade (07.25).
d - Dévié entre Artière et Joliot Curie par Collège Joliot Curie.
p - Service Express avec terminus Ballainvilliers, dessert uniquement les arrêts
Martyrs (08.12), Chabesses (08.14) et Esplanade (08.35). 2/7
 DU LUNDI AU VENDREDI
DE GERZAT Champfleuri
VERS AUBIÈRE Pl. des Ramacles
GERZAT Champfleuri
Patural
Brugeron
Les Vignes
1
er Mai
Gare SNCF
Delille Salford
Ballainvilliers
UCA - Campus Centre
Neuf Soleils
AUBIÈRE Pl. des Ramacles
GERZAT Champfleuri
Patural
Brugeron
Les Vignes
1
er Mai
Gare SNCF
Delille Salford
Ballainvilliers
UCA - Campus Centre
Neuf Soleils
AUBIÈRE Pl. des Ramacles
E 1
16.39 16.53 16.57 17.02 17.09 17.13 17.20 17.36
16.26 16.31 16.40 16.50 17.05 17.09 17.14 17.21 17.25 17.32 17.48
16.37 16.43 16.53 17.03 17.18 17.22 17.27 17.33 17.36 17.43 17.58
16.51 16.56 17.06 17.16 17.31 17.35 17.40 17.46 17.49 17.56 18.10
17.28 17.43 17.47 17.52 17.58 18.01 18.08 18.22
17.15 17.20 17.30 17.40 17.55 17.59 18.04 18.10 18.13 18.20 18.34
17.30 17.35 17.44 17.54 18.08 18.12 18.16 18.22 18.25 18.32 18.46
17.45 17.50 17.59 18.09 18.23 18.27 18.31 18.36 18.39 18.45 18.58
18.03 18.08 18.17 18.26 18.39 18.43 18.46 18.51 18.54 18.59 19.10
18.41 18.54 18.58 19.01 19.05 19.08 19.13 19.25
18.31 18.35 18.44 18.53 19.06 19.10 19.13 19.17 19.20 19.25 19.37
18.47 18.51 19.00 19.09 19.20 19.23 19.26 19.30 19.33 19.37 19.49
19.03 19.07 19.16 19.24 19.33 19.36 19.39 19.43 19.46 19.50 20.01
19.19 19.23 19.30 19.38 19.46 19.49 19.52 19.56 19.59 20.03 20.14
19.38 19.42 19.49 19.57 20.05 20.08 20.11 20.15 20.18 20.22 20.33
20.00 20.04 20.11 20.19 20.26 20.29 20.32 20.36 20.39 20.43 20.53
20.30 20.34 20.41 20.49 20.56 20.59 21.02 21.06 21.09 21.13 21.22
21.24 21.30 21.33 21.36 21.40 21.42 21.46 21.55
21.25 21.29 21.36 21.44 21.50 21.53 21.56 22.03 22.05 22.09 22.18
05.30 05.35 05.43 05.48
05.15 05.22 05.27 05.30 05.33 05.36 05.39 05.45 05.50 05.58 06.03
05.57 06.04 06.09 06.12 06.15 06.18 06.21 06.27 06.33 06.41 06.47
06.22 06.30 06.35 06.38 06.41 06.44 06.47 06.54 07.00 07.09 07.15
06.34 06.42 06.47 06.50 06.53 06.56 06.59 07.08 07.14 07.23 07.29
06.45 06.53 06.58 07.01 07.04 07.07 07.10 07.19 07.25 07.34 07.40
06.53 07.03 07.08 07.12 07.15 07.19 07.22 07.32 07.38 07.47 07.53
07.02 07.13 07.19 07.23 07.27 07.31 07.35 07.46 07.52 08.01 08.07
07.10 07.23 07.29 07.33 07.37 07.42 07.46 07.57 08.03 08.12 08.18
07.18 07.32 07.39 07.44 07.49 07.55 07.59 08.11 08.17 08.27 08.33
v 07.23 07.39 07.47 07.52 07.57 08.02 08.06 08.17
07.32 07.47 07.55 08.00 08.05 08.10 08.14 08.25 08.31 08.41 08.47
07.41 07.56 08.04 08.09 08.14 08.19 08.23 08.34 08.40 08.50 08.55
07.51 08.06 08.13 08.18 08.23 08.28 08.32 08.43 08.49 08.58 09.03
08.04 08.17 08.24 08.28 08.32 08.37 08.41 08.52 08.58 09.07 09.12
v 08.14 08.27 08.34 08.38 08.42 08.47 08.51 09.00
08.24 08.37 08.44 08.48 08.52 08.57 09.01 09.10 09.16 09.25 09.30
v 08.35 08.47 08.53 08.57 09.01 09.05 09.08 09.16
08.44 08.55 09.01 09.05 09.08 09.12 09.15 09.23 09.29 09.38 09.43
v 08.55 09.06 09.11 09.15 09.18 09.22 09.25 09.33
 DU LUNDI AU VENDREDI
E 1 DE AUBIÈRE Pl. des Ramacles
VERS GERZAT Champfleuri
v - Jusqu’à Les Vignes seulement, dessert également Diderot.
3/7
 DU LUNDI AU VENDREDI
DE GERZAT Champfleuri
VERS AUBIÈRE Pl. des Ramacles
GERZAT Champfleuri
Patural
Brugeron
Les Vignes
1
er Mai
Gare SNCF
Delille Salford
Ballainvilliers
UCA - Campus Centre
Neuf Soleils
AUBIÈRE Pl. des Ramacles
AUBIÈRE Pl. des Ramacles
Neuf Soleils
UCA - Campus Centre
Ballainvilliers
Delille Salford
Gare SNCF
1
er Mai
Les Vignes
Brugeron
Patural
GERZAT Champfleuri
E 1
09.06 09.16 09.21 09.25 09.28 09.32 09.35 09.43 09.49 09.58 10.04
v 09.16 09.26 09.31 09.35 09.38 09.42 09.45 09.53
09.26 09.36 09.41 09.45 09.48 09.52 09.55 10.03 10.09 10.18 10.24
v 09.38 09.48 09.53 09.57 10.00 10.04 10.07 10.16
09.49 09.59 10.04 10.08 10.11 10.15 10.18 10.27 10.33 10.42 10.48
10.03 10.13 10.18 10.22 10.25 10.29 10.32 10.41 10.47 10.56 11.02
v 10.17 10.27 10.32 10.36 10.39 10.43 10.46 10.55
10.34 10.44 10.49 10.53 10.56 11.00 11.03 11.12 11.18 11.27 11.33
v 10.51 11.01 11.06 11.10 11.13 11.17 11.20 11.29
11.06 11.17 11.22 11.26 11.29 11.33 11.36 11.45 11.51 12.01 12.07
11.20 11.31 11.36 11.40 11.43 11.47 11.51 12.00 12.07 12.18 12.24
11.34 11.45 11.50 11.54 11.57 12.01 12.05 12.15 12.22 12.33 12.39
11.45 11.56 12.02 12.06 12.10 12.14 12.18 12.29 12.35 12.45 12.51
11.56 12.07 12.13 12.18 12.22 12.26 12.29 12.40 12.46 12.55 13.01
v 12.06 12.17 12.23 12.28 12.31 12.35 12.38 12.48
12.16 12.27 12.33 12.38 12.41 12.45 12.48 12.58 13.04 13.13 13.19
12.29 12.40 12.46 12.50 12.53 12.57 13.00 13.09 13.15 13.24 13.30
v 12.42 12.53 12.58 13.02 13.05 13.09 13.12 13.21
12.54 13.05 13.10 13.14 13.17 13.21 13.24 13.33 13.39 13.48 13.54
13.06 13.17 13.22 13.26 13.29 13.33 13.36 13.46 13.52 14.02 14.08
v 13.17 13.28 13.34 13.38 13.41 13.45 13.48 13.59
13.28 13.39 13.45 13.50 13.54 13.58 14.01 14.12 14.18 14.27 14.33
13.40 13.51 13.57 14.02 14.06 14.10 14.14 14.24 14.30 14.39 14.45
13.52 14.03 14.09 14.14 14.17 14.21 14.24 14.33 14.39 14.48 14.54
v 14.05 14.16 14.22 14.26 14.29 14.33 14.36 14.45
14.20 14.31 14.37 14.41 14.44 14.48 14.51 15.00 15.06 15.15 15.21
v 14.35 14.46 14.52 14.56 14.59 15.03 15.06 15.15
14.52 15.03 15.09 15.13 15.16 15.20 15.23 15.32 15.38 15.48 15.54
15.08 15.19 15.25 15.29 15.32 15.36 15.39 15.48 15.54 16.04 16.11
15.23 15.34 15.40 15.44 15.47 15.51 15.54 16.04 16.10 16.20 16.27
15.34 15.45 15.51 15.55 15.59 16.03 16.07 16.18 16.24 16.34 16.41
15.48 15.59 16.05 16.09 16.13 16.18 16.22 16.33 16.41 16.52 16.59
b 16.30 - - - - - 17.00
15.58 16.11 16.18 16.23 16.27 16.32 16.36 16.47 16.56 17.07 17.14
16.08 16.21 16.28 16.33 16.37 16.42 16.46 16.57 17.06 17.17 17.24
v 16.20 16.33 16.40 16.45 16.49 16.54 16.58 17.10
16.29 16.43 16.50 16.55 16.59 17.04 17.09 17.22 17.31 17.42 17.49
16.37 16.51 16.59 17.04 17.09 17.14 17.19 17.32 17.41 17.52 17.59
v 16.47 17.01 17.09 17.14 17.19 17.24 17.29 17.42
p 17.30 - - - - - 18.00
16.57 17.11 17.19 17.24 17.29 17.34 17.39 17.52 18.01 18.12 18.19
17.07 17.21 17.29 17.34 17.39 17.44 17.49 18.02 18.11 18.22 18.28
17.16 17.30 17.38 17.43 17.48 17.53 17.58 18.11 18.20 18.31 18.37
17.26 17.40 17.48 17.53 17.58 18.03 18.08 18.21 18.30 18.40 18.46
v 17.36 17.50 17.58 18.03 18.08 18.13 18.18 18.31
17.48 18.02 18.10 18.15 18.20 18.25 18.29 18.40 18.48 18.57 19.03
v 18.00 18.14 18.22 18.27 18.31 18.36 18.40 18.51
18.10 18.23 18.31 18.36 18.40 18.44 18.48 18.58 19.05 19.14 19.20
v 18.22 18.34 18.41 18.46 18.49 18.53 18.57 19.07
18.34 18.46 18.52 18.57 19.00 19.04 19.08 19.18 19.24 19.33 19.39
18.46 18.57 19.03 19.07 19.10 19.14 19.17 19.27 19.33 19.42 19.48
v 19.00 19.10 19.16 19.20 19.23 19.27 19.30 19.39
19.13 19.23 19.29 19.33 19.36 19.40 19.43 19.51 19.56 20.05 20.10
v 19.27 19.37 19.42 19.46 19.49 19.53 19.56 20.04
19.43 19.52 19.57 20.01 20.04 20.08 20.11 20.18 20.23 20.32 20.37
19.59 20.08 20.13 20.17 20.20 20.24 20.27 20.34
20.23 20.31 20.36 20.40 20.43 20.47 20.50 20.57 21.02 21.10 21.15
v 20.43 20.51 20.56 21.00 21.03 21.07 21.10 21.17
v 21.10 21.17 21.22 21.26 21.29 21.32 21.35 21.41
21.44 21.51 21.56 22.03 22.06 22.09 22.12 22.18 22.23 22.31 22.36
b - Service Express avec terminus Patural, dessert uniquement les arrêts
Esplanade (16.33), Chabesses (16.55) et Elie Jaloustre (16.57).
p - Service Express avec terminus Patural, dessert uniquement les arrêts
Esplanade (17.33), Chabesses (17.55) et Elie Jaloustre (17.57).
v - Jusqu’à Les Vignes seulement, dessert également Diderot. 4/7
 DU LUNDI AU VENDREDI
DE AUBIÈRE Pl. des Ramacles
VERS GERZAT Champfleuri
AUBIÈRE Pl. des Ramacles
Neuf Soleils
UCA - Campus Centre
Ballainvilliers
Delille Salford
Gare SNCF
1
er Mai
AUBIÈRE
Les Vignes
Brugeron
Patural
GERZAT Champfleuri
 Pl. des Ramacles
Neuf Soleils
UCA - Campus Centre
Ballainvilliers
Delille Salford
Gare SNCF
1
er Mai
Les Vignes
Brugeron
Patural
GERZAT Champfleuri
E 1
 LE SAMEDI
5/7
04.59 05.03 05.10 05.17 05.24 05.27 05.29 05.33 05.35 05.39 05.48
05.48 05.55 05.58 06.00 06.04 06.06 06.10 06.19
05.57 06.01 06.08 06.15 06.22 06.25 06.27 06.31 06.33 06.37 06.46
06.25 06.29 06.36 06.43 06.50 06.53 06.55 06.59 07.01 07.05 07.14
06.54 06.58 07.06 07.13 07.20 07.23 07.25 07.29 07.31 07.35 07.44
07.27 07.31 07.39 07.46 07.53 07.56 07.58 08.03 08.05 08.09 08.18
07.57 08.01 08.09 08.16 08.23 08.26 08.28 08.33 08.35 08.39 08.48
08.27 08.31 08.39 08.46 08.53 08.56 08.58 09.03 09.06 09.10 09.19
08.57 09.01 09.09 09.16 09.23 09.26 09.28 09.33 09.36 09.40 09.50
09.38 09.45 09.48 09.50 09.55 09.58 10.02 10.13
09.40 09.44 09.52 09.59 10.07 10.10 10.12 10.17 10.20 10.24 10.36
10.02 10.06 10.14 10.21 10.29 10.32 10.34 10.39 10.42 10.46 10.58
10.39 10.47 10.50 10.52 10.57 11.00 11.04 11.16
10.37 10.41 10.49 10.56 11.04 11.07 11.09 11.14 11.17 11.21 11.33
11.14 11.23 11.26 11.28 11.33 11.36 11.40 11.52
11.11 11.16 11.24 11.31 11.40 11.43 11.45 11.50 11.53 11.57 12.09
11.43 11.52 11.55 11.57 12.02 12.05 12.09 12.21
11.54 12.04 12.07 12.09 12.14 12.17 12.21 12.33
11.46 11.51 11.59 12.07 12.17 12.20 12.22 12.27 12.30 12.34 12.46
12.19 12.29 12.32 12.34 12.39 12.42 12.46 12.57
12.12 12.16 12.24 12.32 12.42 12.45 12.47 12.52 12.55 12.59 13.10
12.44 12.54 12.57 12.59 13.04 13.07 13.11 13.22
12.37 12.41 12.49 12.57 13.07 13.10 13.12 13.17 13.20 13.24 13.34
12.49 12.54 13.02 13.10 13.20 13.23 13.25 13.30 13.33 13.37 13.48
13.22 13.32 13.35 13.37 13.42 13.45 13.49 14.00
13.13 13.18 13.26 13.34 13.44 13.47 13.49 13.54 13.57 14.01 14.12
13.46 13.56 13.59 14.01 14.06 14.09 14.13 14.24
13.37 13.42 13.50 13.58 14.08 14.12 14.14 14.19 14.22 14.26 14.37
13.49 13.54 14.03 14.11 14.21 14.25 14.27 14.32 14.35 14.39 14.50
14.23 14.33 14.37 14.39 14.44 14.47 14.51 15.02
14.13 14.18 14.27 14.35 14.45 14.49 14.51 14.56 14.59 15.03 15.14
14.48 14.57 15.01 15.03 15.08 15.11 15.15 15.26
14.38 14.43 14.52 15.00 15.09 15.13 15.15 15.20 15.23 15.27 15.38
14.52 14.57 15.05 15.13 15.22 15.26 15.28 15.33 15.36 15.40 15.51
15.26 15.35 15.39 15.41 15.46 15.49 15.53 16.04
15.18 15.23 15.31 15.39 15.48 15.52 15.54 15.59 16.02 16.06 16.17
15.51 16.00 16.04 16.06 16.11 16.14 16.18 16.29
15.41 15.46 15.54 16.02 16.12 16.16 16.18 16.23 16.26 16.30 16.41
15.55 15.59 16.07 16.15 16.25 16.29 16.31 16.36 16.39 16.43 16.54
16.28 16.38 16.42 16.44 16.49 16.52 16.56 17.07
16.20 16.25 16.33 16.42 16.52 16.56 16.58 17.03 17.06 17.10 17.21
16.33 16.38 16.46 16.55 17.05 17.09 17.11 17.16 17.19 17.23 17.34
16.46 16.51 16.59 17.08 17.18 17.22 17.24 17.29 17.32 17.36 17.47
16.58 17.03 17.11 17.20 17.30 17.34 17.37 17.42 17.45 17.49 18.01
17.10 17.15 17.23 17.32 17.42 17.46 17.49 17.54 17.57 18.01 18.13
17.23 17.28 17.36 17.45 17.55 17.59 18.01 18.06 18.09 18.13 18.25
17.37 17.41 17.49 17.58 18.08 18.12 18.14 18.19 18.22 18.26 18.38
17.50 17.54 18.02 18.11 18.21 18.25 18.27 18.32 18.35 18.39 18.51
18.03 18.07 18.15 18.24 18.34 18.38 18.40 18.45 18.48 18.52 19.03
18.38 18.48 18.52 18.54 18.59 19.02 19.06 19.17
18.34 18.38 18.46 18.54 19.04 19.08 19.10 19.15 19.18 19.22 19.33
18.54 18.58 19.06 19.14 19.23 19.26 19.28 19.32 19.35 19.39 19.49
19.36 19.44 19.47 19.49 19.53 19.56 20.00 20.10
19.38 19.42 19.49 19.57 20.05 20.08 20.10 20.14 20.17 20.21 20.30
20.20 20.28 20.31 20.33 20.37 20.40 20.44 20.53
20.30 20.34 20.41 20.49 20.56 20.59 21.01 21.06 21.09 21.13 21.22
21.24 21.30 21.33 21.35 21.40 21.42 21.46 21.55
21.25 21.29 21.36 21.44 21.50 21.53 21.55 22.03 22.05 22.09 22.18
DE GERZAT Champfleuri
VERS AUBIÈRE Pl. des Ramacles
GERZAT Champfleuri
Patural
Brugeron
Les Vignes
1
er Mai
Gare SNCF
Delille Salford
Ballainvilliers
UCA - Campus Centre
Neuf Soleils
AUBIÈRE Pl. des Ramacles
GERZAT Champfleuri
Patural
Brugeron
Les Vignes
1
er Mai
Gare SNCF
Delille Salford
Ballainvilliers
UCA - Campus Centre
Neuf Soleils
AUBIÈRE Pl. des Ramacles
E 1
 LE SAMEDI
6/7
05.15 05.22 05.27 05.30 05.33 05.36 05.39 05.45 05.50 05.58 06.03
05.57 06.04 06.09 06.12 06.15 06.18 06.21 06.27 06.33 06.41 06.46
06.28 06.35 06.40 06.43 06.46 06.49 06.52 06.58 07.04 07.12 07.17
06.58 07.05 07.10 07.13 07.16 07.19 07.22 07.28 07.34 07.42 07.47
07.26 07.35 07.40 07.43 07.46 07.49 07.52 07.58 08.04 08.12 08.17
07.56 08.05 08.10 08.13 08.16 08.19 08.22 08.28 08.34 08.42 08.47
08.30 08.39 08.44 08.47 08.50 08.53 08.56 09.02 09.08 09.16 09.21
09.01 09.09 09.14 09.17 09.20 09.23 09.26 09.33 09.39 09.47 09.52
09.31 09.40 09.45 09.48 09.51 09.54 09.57 10.04 10.10 10.18 10.24
v 09.49 09.58 10.03 10.06 10.09 10.12 10.15 10.23
10.07 10.16 10.21 10.24 10.27 10.30 10.33 10.41 10.47 10.55 11.01
v 10.25 10.34 10.39 10.42 10.45 10.48 10.51 10.59
10.42 10.51 10.56 10.59 11.02 11.05 11.08 11.16 11.22 11.30 11.36
v 10.59 11.08 11.13 11.16 11.19 11.22 11.25 11.33
11.18 11.27 11.32 11.35 11.38 11.41 11.44 11.52 11.58 12.06 12.12
v 11.33 11.42 11.47 11.50 11.53 11.57 12.00 12.08
11.45 11.54 11.59 12.02 12.05 12.09 12.12 12.20 12.26 12.34 12.39
v 11.57 12.06 12.11 12.14 12.17 12.21 12.24 12.32
12.09 12.18 12.23 12.26 12.29 12.33 12.36 12.44 12.50 12.58 13.03
12.21 12.30 12.35 12.38 12.41 12.45 12.48 12.56 13.02 13.10 13.15
v 12.33 12.42 12.47 12.50 12.53 12.56 12.59 13.07
12.45 12.54 12.59 13.02 13.05 13.08 13.11 13.19 13.25 13.33 13.39
v 12.58 13.07 13.12 13.15 13.18 13.21 13.24 13.32
13.09 13.18 13.23 13.26 13.29 13.32 13.35 13.43 13.49 13.57 14.03
13.22 13.31 13.36 13.39 13.42 13.45 13.48 13.56 14.02 14.10 14.16
v 13.35 13.44 13.49 13.52 13.55 13.58 14.01 14.09
13.47 13.56 14.01 14.05 14.08 14.11 14.14 14.22 14.28 14.36 14.42
v 14.00 14.09 14.14 14.18 14.21 14.24 14.27 14.35
14.12 14.22 14.27 14.31 14.34 14.37 14.40 14.48 14.54 15.02 15.08
14.24 14.34 14.39 14.43 14.46 14.49 14.52 15.00 15.06 15.14 15.20
v 14.36 14.46 14.51 14.55 14.58 15.01 15.04 15.12
14.49 14.59 15.04 15.08 15.11 15.14 15.17 15.25 15.31 15.39 15.45
v 15.02 15.12 15.17 15.21 15.24 15.27 15.30 15.38
15.14 15.24 15.29 15.33 15.36 15.39 15.42 15.50 15.56 16.04 16.10
15.26 15.36 15.41 15.45 15.48 15.52 15.55 16.03 16.09 16.17 16.23
15.39 15.49 15.54 15.58 16.01 16.05 16.08 16.16 16.22 16.30 16.36
15.51 16.01 16.06 16.10 16.13 16.17 16.20 16.28 16.34 16.42 16.48
16.03 16.13 16.18 16.22 16.25 16.29 16.32 16.40 16.46 16.54 17.00
16.16 16.26 16.31 16.35 16.38 16.42 16.45 16.53 16.59 17.07 17.13
16.29 16.39 16.44 16.48 16.51 16.55 16.58 17.07 17.13 17.21 17.27
16.41 16.51 16.56 17.00 17.03 17.07 17.10 17.19 17.25 17.33 17.39
16.53 17.04 17.09 17.13 17.16 17.20 17.23 17.32 17.38 17.47 17.53
v 17.06 17.17 17.22 17.26 17.29 17.33 17.36 17.45
17.19 17.30 17.35 17.39 17.42 17.46 17.49 17.58 18.04 18.13 18.19
17.33 17.44 17.49 17.53 17.56 18.00 18.03 18.12 18.18 18.27 18.33
v 17.46 17.57 18.02 18.06 18.09 18.13 18.16 18.25
17.59 18.10 18.15 18.19 18.22 18.26 18.29 18.38 18.44 18.53 18.59
v 18.13 18.23 18.28 18.32 18.35 18.39 18.42 18.51
18.26 18.36 18.41 18.45 18.48 18.52 18.55 19.04 19.10 19.18 19.24
v 18.38 18.48 18.53 18.57 19.00 19.04 19.07 19.16
v 18.50 19.00 19.05 19.09 19.12 19.16 19.19 19.28
19.15 19.24 19.29 19.33 19.36 19.40 19.43 19.50 19.55 20.03 20.09
v 19.35 19.44 19.49 19.53 19.56 20.00 20.03 20.10
v 20.00 20.08 20.13 20.17 20.20 20.24 20.27 20.34
20.24 20.32 20.37 20.41 20.44 20.47 20.50 20.57 21.02 21.10 21.15
v 20.44 20.51 20.56 21.00 21.03 21.06 21.09 21.16
v 21.10 21.17 21.22 21.26 21.29 21.32 21.35 21.42
21.44 21.51 21.56 22.03 22.06 22.09 22.12 22.19 22.24 22.32 22.37
v - Jusqu’à Les Vignes seulement, dessert également Diderot.
DE AUBIÈRE Pl. des Ramacles
VERS GERZAT Champfleuri
AUBIÈRE Pl. des Ramacles
Neuf Soleils
UCA - Campus Centre
Ballainvilliers
Delille Salford
Gare SNCF
1
er Mai
AUBIÈRE
Les Vignes
Brugeron
Patural
GERZAT Champfleuri
 Pl. des Ramacles
Neuf Soleils
UCA - Campus Centre
Ballainvilliers
Delille Salford
Gare SNCF
1
er Mai
Les Vignes
Brugeron
Patural
GERZAT Champfleuri
E 1
7/7
 LE DIMANCHE ET LES JOURS FÉRIÉS
ROMAGNAT La Gazelle
AUBIÈRE Pl. des Ramacles
Neuf Soleils
UCA - Campus Centre
Ballainvilliers
Delille Salford
Gare SNCF
1
er Mai
Les Vignes
Patural
GERZAT Champfleuri
E 1
 LE DIMANCHE ET LES JOURS FÉRIÉS
05.31 05.36 05.39 05.41 05.45 05.47 05.51 05.59 06.02
05.44 05.48 06.01 06.07 06.10 06.12 06.16 06.18 06.22 06.31 06.35
06.31 06.36 06.39 06.41 06.45 06.47 06.51 07.01 07.04
06.43 06.47 07.00 07.06 07.09 07.11 07.15 07.17 07.21 07.30 07.34
07.30 07.36 07.39 07.41 07.45 07.47 07.51 08.02 08.05
07.42 07.46 07.59 08.05 08.08 08.10 08.15 08.17 08.21 08.30 08.34
08.31 08.37 08.40 08.42 08.47 08.49 08.53 09.04 09.07
08.44 08.48 09.02 09.08 09.11 09.13 09.18 09.20 09.24 09.34 09.38
09.33 09.39 09.42 09.44 09.49 09.51 09.55 10.06 10.09
09.46 09.50 10.04 10.10 10.13 10.15 10.20 10.22 10.26 10.36 10.40
10.36 10.42 10.45 10.47 10.52 10.54 10.58 11.09 11.13
10.49 10.53 11.07 11.13 11.16 11.18 11.23 11.25 11.29 11.39 11.43
11.38 11.44 11.47 11.49 11.54 11.56 12.00 12.11 12.15
11.51 11.55 12.09 12.15 12.18 12.20 12.25 12.27 12.31 12.41 12.45
12.41 12.47 12.50 12.52 12.57 12.59 13.03 13.14 13.17
12.52 12.56 13.10 13.16 13.19 13.21 13.26 13.28 13.32 13.42 13.46
a 13.43 13.49 13.52 13.54 13.59 14.01 14.05 14.15
a 13.46 13.50 14.04 14.10 14.13 14.15 14.20 14.22 14.26 14.36
a 14.24 14.30 14.33 14.35 14.40 14.42 14.46 14.56
a 14.46 14.52 14.55 14.57 15.02 15.04 15.08 15.18
a 14.50 14.54 15.08 15.14 15.17 15.19 15.24 15.26 15.30 15.40
a 15.31 15.37 15.40 15.42 15.47 15.49 15.53 16.03
a 15.36 15.40 15.54 16.00 16.03 16.05 16.10 16.12 16.16 16.26
a 16.17 16.23 16.26 16.28 16.33 16.35 16.39 16.49
a 16.21 16.25 16.39 16.45 16.49 16.51 16.56 16.58 17.02 17.12
a 17.02 17.08 17.12 17.14 17.19 17.21 17.25 17.35
a 17.07 17.11 17.25 17.31 17.35 17.37 17.42 17.44 17.48 17.58
a 17.48 17.54 17.58 18.00 18.05 18.07 18.11 18.21
a 17.53 17.57 18.11 18.17 18.21 18.23 18.28 18.30 18.34 18.44
a 18.37 18.43 18.46 18.48 18.53 18.55 18.59 19.09
a 18.48 18.52 19.05 19.11 19.14 19.16 19.20 19.22 19.26 19.35
a 19.37 19.43 19.46 19.48 19.52 19.54 19.58 20.07
a 19.44 19.48 20.01 20.07 20.10 20.12 20.16 20.18 20.22 20.31
a 20.30 20.36 20.39 20.41 20.45 20.47 20.51 21.00
a 20.48 20.52 21.05 21.11 21.14 21.16 21.20 21.22 21.26 21.35
a 21.28 21.32 21.45 21.51 21.54 21.56 22.03 22.05 22.09 22.18
a 22.06 22.12 22.15 22.17 22.21 22.23 22.27 22.36
a 22.36 22.42 22.45 22.47 22.51 22.53 22.57 23.06
a 23.06 23.12 23.15 23.17 23.21 23.23 23.27 23.36
06.16 06.20 06.27 06.32 06.35 06.38 06.41 06.44 06.50 07.03 07.08
v 06.46 06.50 06.57 07.02 07.05 07.08 07.11 07.14 07.20
07.15 07.19 07.27 07.32 07.35 07.38 07.41 07.44 07.50 08.03 08.08
v 07.45 07.49 07.58 08.03 08.06 08.09 08.12 08.15 08.21
08.16 08.20 08.29 08.34 08.37 08.40 08.43 08.46 08.52 09.05 09.10
v 08.47 08.51 09.00 09.05 09.08 09.11 09.14 09.17 09.23
09.18 09.22 09.32 09.37 09.40 09.43 09.46 09.49 09.55 10.08 10.13
v 09.49 09.53 10.03 10.08 10.11 10.14 10.17 10.20 10.26
10.20 10.24 10.34 10.39 10.42 10.45 10.48 10.51 10.57 11.10 11.15
v 10.51 10.55 11.05 11.10 11.13 11.16 11.19 11.22 11.28
11.24 11.28 11.38 11.43 11.46 11.49 11.52 11.55 12.01 12.14 12.19
v 11.54 11.58 12.08 12.13 12.16 12.19 12.22 12.25 12.31
12.26 12.30 12.40 12.45 12.48 12.51 12.54 12.57 13.03 13.16 13.21
v 12.56 13.00 13.10 13.15 13.18 13.21 13.24 13.27 13.33
13.28 13.32 13.41 13.46 13.49 13.52 13.55 13.58 14.04 14.17 14.22
v 13.58 14.02 14.11 14.16 14.20 14.23 14.26 14.29 14.35
14.27 14.36 14.41 14.45 14.48 14.51 14.54 15.00 15.13 15.18
v 14.48 14.57 15.02 15.06 15.09 15.12 15.15 15.21
15.10 15.19 15.24 15.28 15.31 15.34 15.37 15.43 15.56 16.01
v 15.32 15.41 15.46 15.50 15.53 15.57 16.00 16.06
15.54 16.03 16.08 16.12 16.15 16.19 16.22 16.28 16.41 16.47
v 16.16 16.25 16.30 16.34 16.38 16.43 16.46 16.52
16.39 16.48 16.53 16.57 17.00 17.04 17.07 17.13 17.26 17.32
v 17.02 17.11 17.16 17.20 17.23 17.27 17.30 17.36
17.25 17.34 17.39 17.43 17.46 17.50 17.53 17.59 18.12 18.18
v 17.48 17.57 18.02 18.06 18.09 18.13 18.16 18.22
18.11 18.20 18.25 18.29 18.32 18.36 18.39 18.45 18.58 19.04
v 18.34 18.43 18.48 18.52 18.55 18.59 19.02 19.08
v 18.56 19.05 19.10 19.14 19.17 19.21 19.24 19.30
19.25 19.34 19.39 19.42 19.45 19.48 19.51 19.57 20.10 20.15
v 19.52 20.00 20.05 20.08 20.11 20.14 20.17 20.23
20.20 20.28 20.33 20.36 20.39 20.42 20.45 20.51 21.04 21.09
v 20.51 20.58 21.03 21.06 21.09 21.12 21.15 21.21
v 21.21 21.28 21.33 21.36 21.39 21.42 21.45 21.51
v 21.45 21.52 21.57 22.03 22.06 22.09 22.12 22.18
v 22.27 22.34 22.39 22.42 22.45 22.48 22.51 22.57
a - Jusqu’à AUBIÈRE Pl. des Ramacles, dessert également Peuplier. v - Jusqu’à Les Vignes seulement, dessert également Diderot.
DE ROMAGNAT La Gazelle
VERS GERZAT Champfleuri
DE GERZAT Champfleuri
VERS ROMAGNAT La Gazelle
GERZAT Champfleuri
Patural
Les Vignes
1
er Mai
Gare SNCF
Delille Salford
Ballainvilliers
UCA - Campus Centre
Neuf Soleils
AUBIÈRE Pl. des Ramacles
ROMAGNAT La Gazelle
